hashTime: 0.010508
hashGroupTime: 0.010508
31: 3 15 9 22 16 13 24 27 17 28 32 35 30 43 49 52 48 54 78 66 60 64 74 79 46 88 89 86 91 94 90 65 0 98 37 45
191: 1 4 18 2 12 7 6 8 14 10 11 25 23 20 5 21 26 31 19 29 34 33 40 38 47 42 44 51 53 50 59 58 73 56 72 75 57 63 68 71 62 70 76 55 61 67 77 81 80 83 82 85 84 87 92 93 95 96 97 36 41 99 69 39
compareTreeTime: 0.008589
group 0: 0 9 45 86
group 1: 1 55
group 2: 3 60
group 3: 4 71
group 4: 5 31
group 5: 6 47
group 6: 8 80
group 7: 10 76
group 8: 11 18 29 96
group 9: 12 73 87
group 10: 14 50 57
group 11: 15 24 49
group 12: 16 27 35 78
group 13: 17 65
group 14: 19 21
group 15: 20 53 75
group 16: 23 33 51
group 17: 25 36
group 18: 26 34 63
group 19: 28 54 94
group 20: 30 88
group 21: 37 52 89
group 22: 38 93 99
group 23: 40 62
group 24: 41 83
group 25: 42 68 92
group 26: 56 95
group 27: 59 77
group 28: 67 72
group 29: 69 70
group 30: 74 79
group 31: 81 85 97
group 32: 91 98
